2 0.631591 -0.947077 -0.0890621 0.617772 -0.944696 -0.0908453
2 0.648499 -0.949964 -0.0869063 0.661686 -0.952249 -0.084081
2 0.533393 -0.947608 -0.0201772 0.531065 -0.95279 0.00424122
2 0.0171526 0.348569 -0.146353 0.0147342 0.328569 -0.144777
2 -0.439966 -0.952888 -0.137633 -0.461316 -0.957663 -0.136275
2 0.372947 -0.292721 -0.1285 0.36801 -0.286054 -0.131912
2 0.254852 -0.160561 -0.176385 0.234484 -0.141121 -0.178223
2 0.372947 -0.292721 -0.1285 0.381872 -0.30683 -0.122625
2 0.42092 -0.38402 -0.100841 0.410792 -0.358922 -0.1051
2 -0.3144 -0.598243 -0.188291 -0.312416 -0.608153 -0.195046
2 0.648499 -0.949964 -0.0869063 0.631591 -0.947077 -0.0890621
2 -0.374998 -0.945418 -0.0939607 -0.374671 -0.943092 -0.113585
2 0.225089 -0.132609 -0.179063 0.234484 -0.141121 -0.178223
2 0.0955502 0.495695 -0.102416 0.104646 0.495109 -0.0995499
2 -0.128624 0.477498 -0.100678 -0.114437 0.476125 -0.106202
2 0.105561 -0.0510947 -0.177475 0.119567 -0.0586144 -0.177052
2 -0.315771 -0.370309 -0.121257 -0.316772 -0.374878 -0.120622
2 -0.374671 -0.943092 -0.113585 -0.372812 -0.940705 -0.130201
2 -0.480649 0.432996 0.0040278 -0.491776 0.434167 0.0118149
2 -0.171063 0.472238 -0.0869722 -0.152594 0.474061 -0.0932501
2 -0.391911 0.436501 -0.0416556 -0.410702 0.434296 -0.0347083
2 0.424178 -0.803898 -0.198749 0.425206 -0.81759 -0.199957
2 -0.359302 -0.945429 -0.0804999 -0.374998 -0.945418 -0.0939607
2 0.00816995 0.636832 0.24766 0.00841563 0.623814 0.267941
2 0.00540686 -0.0824072 -0.258012 0.00555192 -0.0717789 -0.24564
2 0.2216 0.480589 -0.0525611 0.243949 0.47927 -0.0428183
2 0.0138691 0.319149 -0.144831 0.0147342 0.328569 -0.144777
2 0.334962 -0.244307 -0.15232 0.329385 -0.237483 -0.156073
2 0.509123 -0.925477 -0.127192 0.525058 -0.930353 -0.109362
2 0.00660172 -0.0349791 -0.199852 0.0223198 -0.0124826 -0.187586
2 -0.28551 -0.828215 -0.281538 -0.286293 -0.813553 -0.281517
2 -0.068739 0.478157 -0.122529 -0.0504468 0.477808 -0.129945
2 -0.327456 -0.505339 -0.13667 -0.327188 -0.491559 -0.133185
2 0.418676 -0.642222 -0.165592 0.417991 -0.650494 -0.16826
2 -0.301471 -0.670992 -0.236248 -0.300531 -0.678839 -0.240786
2 -0.0866035 -0.0685501 -0.18173 -0.0768999 -0.0628537 -0.182345
2 0.0171951 -0.237536 -0.42615 0.0165827 -0.223622 -0.412224
2 0.552155 -0.943023 -0.0539563 0.570204 -0.94373 -0.0573058
2 -0.187542 -0.144453 -0.167428 -0.195617 -0.152287 -0.165951
2 0.334962 -0.244307 -0.15232 0.338898 -0.248733 -0.150171
2 0.600727 -0.944789 -0.0732588 0.604598 -0.944858 -0.0763865
2 0.671138 -0.954029 -0.0793484 0.661686 -0.952249 -0.084081
2 0.0470185 0.503944 -0.111515 0.0559688 0.500318 -0.111347
2 0.552155 -0.943023 -0.0539563 0.543349 -0.936069 -0.0875325
2 -0.385986 -0.947279 -0.0876614 -0.391596 -0.948753 -0.0794428
2 -0.342906 -0.947602 -0.0525795 -0.349791 -0.945898 -0.0689686
2 -0.359302 -0.945429 -0.0804999 -0.349791 -0.945898 -0.0689686
2 -0.391596 -0.948753 -0.0794428 -0.40171 -0.951313 -0.0683788
2 0.038697 0.524675 -0.100351 0.0402817 0.513829 -0.107836
2 0.144863 -0.0728713 -0.177616 0.138041 -0.0685081 -0.177712
2 0.381872 -0.30683 -0.122625 0.395778 -0.325826 -0.112692
2 0.437987 -0.525263 -0.120195 0.435799 -0.541948 -0.126451
2 0.485385 -0.916402 -0.151997 0.494058 -0.919903 -0.14354
2 0.525058 -0.930353 -0.109362 0.535225 -0.933515 -0.0973381
2 -0.414626 -0.954836 -0.0547264 -0.40171 -0.951313 -0.0683788
2 0.750834 0.625134 0.560139 0.752657 0.622401 0.588251
2 0.0132291 0.176685 -0.160035 0.0142403 0.145653 -0.165078
2 -0.325704 -0.521365 -0.144519 -0.323882 -0.53655 -0.152272
2 -0.370915 0.439185 -0.0487183 -0.361385 0.44055 -0.0512926
2 0.440095 -0.496992 -0.110945 0.437987 -0.525263 -0.120195
2 -0.307812 -0.334507 -0.126368 -0.311477 -0.350761 -0.124032
2 0.590073 0.491663 0.173566 0.595712 0.494102 0.181367
2 -0.439966 -0.952888 -0.137633 -0.429138 -0.950417 -0.138899
2 0.59484 -0.945851 -0.0578926 0.599797 -0.948491 -0.0359368
2 -0.342906 -0.947602 -0.0525795 -0.336233 -0.949946 -0.0343663
2 0.684514 -0.95667 -0.0723675 0.695678 -0.957443 -0.0660945
2 0.703752 -0.959859 -0.0612335 0.695678 -0.957443 -0.0660945
2 -0.414626 -0.954836 -0.0547264 -0.420652 -0.956573 -0.0468745
2 0.417779 -0.694968 -0.180579 0.417428 -0.668812 -0.17369
2 0.018896 0.429995 -0.14623 0.0190992 0.413793 -0.149016
2 0.314177 -0.21999 -0.164118 0.320079 -0.226796 -0.161316
2 0.0179147 0.387967 -0.148577 0.0171044 0.366725 -0.147854
2 -0.325704 -0.521365 -0.144519 -0.327456 -0.505339 -0.13667
2 0.614159 -0.952493 -0.0119275 0.605313 -0.950263 -0.0241466
2 -0.326651 -0.467958 -0.127525 -0.325722 -0.450241 -0.124274
2 0.038697 0.524675 -0.100351 0.0372729 0.531521 -0.0955892
2 0.438252 -0.455824 -0.101836 0.439862 -0.477158 -0.105941
2 -0.298979 -0.695076 -0.249351 -0.300531 -0.678839 -0.240786
2 0.0504166 -0.0248564 -0.182745 0.0406298 -0.0229766 -0.185067
2 0.427202 -0.592643 -0.146566 0.423932 -0.607637 -0.152821
2 0.144863 -0.0728713 -0.177616 0.154431 -0.0791162 -0.178069
2 -0.430746 0.432749 -0.0253403 -0.410702 0.434296 -0.0347083
2 -0.444771 -0.96512 -0.0165046 -0.457046 -0.971282 0.000450969
2 -0.438364 -0.96256 -0.0250299 -0.444771 -0.96512 -0.0165046
2 -0.525231 0.443817 0.0406508 -0.517032 0.440521 0.0328574
2 -0.525231 0.443817 0.0406508 -0.534851 0.447965 0.0499971
2 0.0166938 -0.212146 -0.4012 0.0165827 -0.223622 -0.412224
2 0.439862 -0.477158 -0.105941 0.440095 -0.496992 -0.110945
2 0.419885 -0.759048 -0.194652 0.418967 -0.736405 -0.190669
2 -0.201311 -0.15798 -0.164998 -0.195617 -0.152287 -0.165951
2 -0.295633 -0.736714 -0.266183 -0.298014 -0.723097 -0.262167
2 0.535409 -0.945438 -0.0333418 0.538525 -0.944055 -0.0423028
2 -0.302362 0.449825 -0.0633471 -0.326467 0.446027 -0.0591118
2 0.0708217 0.4989 -0.108676 0.0559688 0.500318 -0.111347
2 -0.381864 0.437734 -0.0451992 -0.391911 0.436501 -0.0416556
2 0.0187099 -0.259503 -0.450345 0.0195508 -0.267984 -0.46174
2 -0.236748 -0.195447 -0.15916 -0.245025 -0.205013 -0.157747
2 0.307434 -0.212711 -0.165751 0.296195 -0.199417 -0.16906
2 0.0282226 0.581196 -0.0423984 0.0304365 0.565508 -0.0609527
2 -0.361624 -0.935973 -0.151169 -0.372812 -0.940705 -0.130201
2 0.446323 0.456535 0.0217283 0.458807 0.456636 0.0284815
2 -0.337407 -0.951717 -0.0224297 -0.339771 -0.953337 -0.0108567
2 0.254852 -0.160561 -0.176385 0.276722 -0.182162 -0.174562
2 0.485385 -0.916402 -0.151997 0.477113 -0.912572 -0.160399
2 -0.336233 -0.949946 -0.0343663 -0.337407 -0.951717 -0.0224297
2 0.533393 -0.947608 -0.0201772 0.535409 -0.945438 -0.0333418
2 -0.298014 -0.723097 -0.262167 -0.297479 -0.710934 -0.257531
2 0.571712 0.483671 0.147671 0.566835 0.481552 0.140728
2 0.539409 0.470799 0.102691 0.530019 0.467535 0.0903979
2 0.138041 -0.0685081 -0.177712 0.119567 -0.0586144 -0.177052
2 0.287332 -0.192412 -0.172878 0.296195 -0.199417 -0.16906
2 0.287332 -0.192412 -0.172878 0.276722 -0.182162 -0.174562
2 -0.291516 -0.871922 -0.266973 -0.285005 -0.848341 -0.280258
2 0.404542 -0.343667 -0.107802 0.395778 -0.325826 -0.112692
2 0.41954 -0.634001 -0.162908 0.418676 -0.642222 -0.165592
2 -0.4311 -0.959749 -0.0344966 -0.438364 -0.96256 -0.0250299
2 0.0202678 -0.274425 -0.47117 0.0215758 -0.28556 -0.489453
2 0.435993 0.456587 0.0164619 0.446323 0.456535 0.0217283
2 -0.310616 -0.617068 -0.20114 -0.307565 -0.632346 -0.211707
2 0.0128243 0.193064 -0.157355 0.0132291 0.176685 -0.160035
2 0.307434 -0.212711 -0.165751 0.314177 -0.21999 -0.164118
2 -0.304231 -0.319751 -0.128885 -0.300943 -0.308779 -0.131216
2 -0.304231 -0.319751 -0.128885 -0.307812 -0.334507 -0.126368
2 0.535225 -0.933515 -0.0973381 0.543349 -0.936069 -0.0875325
2 0.172873 0.486576 -0.0724663 0.196111 0.48236 -0.0634494
2 -0.480649 0.432996 0.0040278 -0.465078 0.4317 -0.00653473
2 0.0190992 0.413793 -0.149016 0.0179147 0.387967 -0.148577
2 0.429452 -0.419838 -0.101428 0.433179 -0.43595 -0.101806
2 0.475978 0.457483 0.0394138 0.470651 0.457148 0.0358609
2 0.0184776 0.0112483 -0.18303 0.0223198 -0.0124826 -0.187586
2 -0.545013 0.452574 0.0600023 -0.552232 0.456089 0.0671794
2 -0.346343 0.442869 -0.0549573 -0.361385 0.44055 -0.0512926
2 0.430376 -0.850357 -0.199969 0.43912 -0.868666 -0.193713
2 0.00660172 -0.0349791 -0.199852 -0.015675 -0.0381248 -0.195262
2 0.0048487 -0.0604025 -0.232316 0.00329658 -0.0439458 -0.210687
2 -0.295803 -0.883982 -0.258583 -0.291516 -0.871922 -0.266973
2 -0.280646 -0.258793 -0.145357 -0.286793 -0.271293 -0.141369
2 -0.297994 -0.30071 -0.13392 -0.300943 -0.308779 -0.131216
2 -0.275453 -0.248643 -0.148613 -0.269452 -0.238258 -0.150939
2 -0.346041 -0.956799 0.0142294 -0.339771 -0.953337 -0.0108567
2 0.531877 -0.958538 0.0307937 0.53079 -0.956334 0.0204041
2 0.36177 -0.277866 -0.136584 0.36801 -0.286054 -0.131912
2 0.0223198 -0.0124826 -0.187586 0.0406298 -0.0229766 -0.185067
2 -0.421109 -0.948839 -0.139029 -0.411069 -0.946978 -0.138924
2 0.627793 -0.956077 0.00617956 0.62243 -0.954755 -0.000558535
2 -0.316636 -0.58674 -0.18061 -0.3144 -0.598243 -0.188291
2 0.642498 -0.960011 0.0264306 0.627793 -0.956077 0.00617956
2 -0.457046 -0.971282 0.000450969 -0.462239 -0.973481 0.00714239
2 0.347548 -0.25928 -0.145028 0.352967 -0.267083 -0.142546
2 0.614159 -0.952493 -0.0119275 0.62243 -0.954755 -0.000558535
2 -0.346041 -0.956799 0.0142294 -0.349898 -0.95774 0.025423
2 0.458807 0.456636 0.0284815 0.470651 0.457148 0.0358609
2 0.462431 -0.903171 -0.174559 0.453841 -0.89302 -0.182086
2 -0.312633 -0.912327 -0.227839 -0.305766 -0.90709 -0.239357
2 -0.595828 0.478615 0.110815 -0.603238 0.483003 0.117794
2 -0.511468 0.438726 0.027893 -0.504393 0.436822 0.0218887
2 -0.3047 -0.648402 -0.222386 -0.305876 -0.641604 -0.217957
2 0.0170214 0.103947 -0.169942 0.0174346 0.0849481 -0.171908
2 0.0119346 0.251249 -0.148232 0.0120333 0.237477 -0.150516
2 -0.737328 0.713559 0.354074 -0.736551 0.707212 0.346217
2 0.00489811 -0.118882 -0.3024 0.00782033 -0.134961 -0.32101
2 0.0121255 0.226498 -0.152177 0.0120333 0.237477 -0.150516
2 -0.349898 -0.95774 0.025423 -0.355574 -0.960177 0.0377977
2 0.542757 -0.965655 0.0614837 0.538972 -0.963096 0.0504971
2 0.642498 -0.960011 0.0264306 0.650633 -0.96222 0.0379098
2 0.00489811 -0.118882 -0.3024 0.00478612 -0.111918 -0.293942
2 0.531877 -0.958538 0.0307937 0.538972 -0.963096 0.0504971
2 0.520998 0.464936 0.0797183 0.530019 0.467535 0.0903979
2 -0.450964 0.43187 -0.0145998 -0.430746 0.432749 -0.0253403
2 0.542757 -0.965655 0.0614837 0.545746 -0.967549 0.0695762
2 -0.323882 -0.53655 -0.152272 -0.32179 -0.553644 -0.161165
2 0.548137 -0.969096 0.0761896 0.545746 -0.967549 0.0695762
2 0.480768 0.457955 0.0429786 0.492501 0.459472 0.0525016
2 -0.721495 0.781733 0.391178 -0.715662 0.801792 0.40764
2 0.426415 0.456782 0.0119915 0.417101 0.457383 0.00848727
2 -0.287922 -0.794809 -0.279839 -0.286293 -0.813553 -0.281517
2 0.548199 0.47402 0.114534 0.539409 0.470799 0.102691
2 0.105561 -0.0510947 -0.177475 0.0866233 -0.0409817 -0.178178
2 0.0789806 -0.0369663 -0.178562 0.0866233 -0.0409817 -0.178178
2 0.36177 -0.277866 -0.136584 0.352967 -0.267083 -0.142546
2 -0.751426 0.734215 0.431957 -0.750562 0.738151 0.438043
2 -0.298979 -0.695076 -0.249351 -0.297479 -0.710934 -0.257531
2 -0.311477 -0.350761 -0.124032 -0.315771 -0.370309 -0.121257
2 -0.319644 -0.569397 -0.169789 -0.32179 -0.553644 -0.161165
2 0.0144611 0.128031 -0.167592 0.0142403 0.145653 -0.165078
2 -0.325722 -0.450241 -0.124274 -0.324243 -0.426583 -0.120437
2 0.550895 -0.970863 0.083714 0.553707 -0.972709 0.0917766
2 0.417527 -0.659666 -0.171081 0.417428 -0.668812 -0.17369
2 0.0198908 0.635652 0.0575801 0.0192054 0.638244 0.067231
2 -0.068739 0.478157 -0.122529 -0.0973308 0.475969 -0.112147
2 0.0180574 0.642484 0.0838451 0.0192054 0.638244 0.067231
2 -0.292869 -0.286499 -0.137834 -0.286793 -0.271293 -0.141369
2 0.620065 0.506217 0.21228 0.602157 0.497076 0.189748
2 -0.122247 0.790821 0.273376 -0.113971 0.779851 0.269605
2 0.435993 0.456587 0.0164619 0.426415 0.456782 0.0119915
2 0.0121255 0.226498 -0.152177 0.0124423 0.211481 -0.154457
2 0.307128 0.472295 -0.0215804 0.28612 0.474217 -0.027685
2 0.602157 0.497076 0.189748 0.595712 0.494102 0.181367
2 0.393724 0.459598 0.000709694 0.383304 0.46116 -0.00197764
2 0.331572 0.468835 -0.0152916 0.342151 0.467295 -0.0125468
2 -0.595828 0.478615 0.110815 -0.584521 0.473239 0.0993313
2 0.0145132 -0.178911 -0.368695 0.0154161 -0.185774 -0.375535
2 -0.0973308 0.475969 -0.112147 -0.114437 0.476125 -0.106202
2 -0.326651 -0.467958 -0.127525 -0.327188 -0.491559 -0.133185
2 0.0213554 0.630798 0.0424546 0.02215 0.624661 0.0295164
2 0.774561 0.547282 0.620766 0.773443 0.557953 0.610121
2 0.774561 0.547282 0.620766 0.77508 0.541339 0.627259
2 -0.577066 0.469228 0.0919071 -0.572757 0.467007 0.0875802
2 -0.559394 0.459847 0.0743007 -0.572757 0.467007 0.0875802
2 0.329385 -0.237483 -0.156073 0.320079 -0.226796 -0.161316
2 -0.577066 0.469228 0.0919071 -0.584521 0.473239 0.0993313
2 0.449198 -0.886231 -0.185906 0.444928 -0.879652 -0.189358
2 0.425206 -0.81759 -0.199957 0.426587 -0.829644 -0.200532
2 0.164663 0.487472 -0.0759754 0.172873 0.486576 -0.0724663
2 -0.0298557 0.479234 -0.134325 -0.00605424 0.479313 -0.133923
2 0.0097841 -0.1462 -0.333912 0.0124617 -0.162177 -0.35182
2 0.0197063 0.451395 -0.140902 0.0191494 0.441387 -0.143434
2 0.642339 0.518762 0.238542 0.633864 0.514308 0.228614
2 0.657536 0.526919 0.256709 0.652338 0.524058 0.250334
2 0.121391 0.494633 -0.0937923 0.14137 0.492038 -0.0850614
2 0.571712 0.483671 0.147671 0.57888 0.48676 0.157853
2 0.153359 0.489488 -0.0804718 0.164663 0.487472 -0.0759754
2 0.514102 0.463185 0.0721179 0.492501 0.459472 0.0525016
2 -0.34621 -0.930349 -0.171757 -0.361624 -0.935973 -0.151169
2 0.0470185 0.503944 -0.111515 0.0419877 0.495047 -0.116906
2 0.0228602 0.478096 -0.129128 0.0189564 0.458769 -0.138929
2 -0.186707 0.876452 0.301018 -0.191495 0.882677 0.302934
2 0.023431 -0.295998 -0.510895 0.0243916 -0.300525 -0.521809
2 0.41954 -0.634001 -0.162908 0.421395 -0.622582 -0.158785
2 -0.297994 -0.30071 -0.13392 -0.295075 -0.292431 -0.136204
2 0.0372729 0.531521 -0.0955892 0.0343439 0.541332 -0.0887576
2 -0.140938 -0.106077 -0.175331 -0.121192 -0.0924257 -0.177629
2 0.0343439 0.541332 -0.0887576 0.0320285 0.554053 -0.0743757
2 0.347548 -0.25928 -0.145028 0.34084 -0.251144 -0.149012
2 -0.652345 0.517612 0.162048 -0.66204 0.525779 0.171849
2 -0.310616 -0.617068 -0.20114 -0.312416 -0.608153 -0.195046
2 0.0202678 -0.274425 -0.47117 0.0195508 -0.267984 -0.46174
2 0.548199 0.47402 0.114534 0.55967 0.478574 0.130576
2 0.0733418 -0.0333846 -0.178658 0.063941 -0.029785 -0.180198
2 -0.28551 -0.828215 -0.281538 -0.285005 -0.848341 -0.280258
2 0.0135905 0.657381 0.165485 0.0143793 0.654986 0.149238
2 0.0143793 0.654986 0.149238 0.0158754 0.651942 0.125593
2 0.111101 0.804145 0.277771 0.121974 0.820499 0.285719
2 -0.0599353 0.714295 0.243007 -0.0340925 0.692011 0.230884
2 0.0198908 0.635652 0.0575801 0.0213554 0.630798 0.0424546
2 0.0131363 0.659497 0.177277 0.0121596 0.663396 0.189486
2 -0.290514 -0.767695 -0.276789 -0.287922 -0.794809 -0.279839
2 0.0671266 0.732818 0.244491 0.0471254 0.704135 0.229176
2 -0.692699 0.568529 0.2118 -0.69819 0.579735 0.221748
2 0.430944 -0.575238 -0.13906 0.43347 -0.559498 -0.132936
2 0.00033759 0.669199 0.212764 0.0121596 0.663396 0.189486
2 -0.69819 0.579735 0.221748 -0.703054 0.592882 0.231522
2 -0.12902 0.799735 0.276647 -0.122247 0.790821 0.273376
2 -0.669482 0.532511 0.180343 -0.664864 0.527459 0.175186
2 -0.180007 0.867674 0.298331 -0.173019 0.858471 0.295599
2 0.130117 0.832233 0.291688 0.142615 0.849913 0.300423
2 -0.0756833 0.732818 0.250564 -0.0833841 0.742042 0.254426
2 -0.0833841 0.742042 0.254426 -0.0914729 0.751835 0.258431
2 0.178731 -0.0957696 -0.178817 0.199456 -0.111274 -0.17977
2 -0.711417 0.615477 0.250128 -0.706634 0.602466 0.23904
2 0.752657 0.622401 0.588251 0.757875 0.606717 0.614835
2 -0.67431 0.536217 0.186387 -0.669482 0.532511 0.180343
2 -0.186707 0.876452 0.301018 -0.180007 0.867674 0.298331
2 -0.652345 0.517612 0.162048 -0.645611 0.512299 0.155545
2 0.462431 -0.903171 -0.174559 0.470412 -0.90926 -0.166889
2 0.00033759 0.669199 0.212764 0.0283302 0.682715 0.216764
2 -0.113971 0.779851 0.269605 -0.106167 0.769249 0.26641
2 -0.0340925 0.692011 0.230884 0.00033759 0.669199 0.212764
2 -0.721094 0.644226 0.277136 -0.724626 0.655669 0.288433
2 -0.717763 0.633824 0.267145 -0.721094 0.644226 0.277136
2 -0.305876 -0.641604 -0.217957 -0.307565 -0.632346 -0.211707
2 -0.292869 -0.286499 -0.137834 -0.295075 -0.292431 -0.136204
2 -0.729428 0.673553 0.307252 -0.726692 0.663098 0.296134
2 -0.67431 0.536217 0.186387 -0.681186 0.546623 0.195066
2 -0.763445 0.714354 0.440391 -0.768011 0.70922 0.452705
2 -0.689157 0.560326 0.206134 -0.692699 0.568529 0.2118
2 0.0325402 0.686756 0.218186 0.0471254 0.704135 0.229176
2 -0.135107 0.807808 0.279554 -0.142373 0.817495 0.282959
2 0.00841563 0.623814 0.267941 0.00787784 0.615164 0.282372
2 -0.198689 0.891995 0.305865 -0.191495 0.882677 0.302934
2 0.76593 0.585057 0.598707 0.769884 0.57377 0.602067
2 -0.324552 -0.919594 -0.208655 -0.320651 -0.917217 -0.215319
2 0.130117 0.832233 0.291688 0.121974 0.820499 0.285719
2 0.427202 -0.592643 -0.146566 0.430944 -0.575238 -0.13906
2 0.00647918 0.590861 0.319816 0.00594226 0.583077 0.331041
2 -0.0482374 -0.0478042 -0.185605 -0.0698568 -0.0590295 -0.182932
2 -0.724626 0.655669 0.288433 -0.726692 0.663098 0.296134
2 -0.214248 0.912097 0.312267 -0.225093 0.927738 0.318476
2 0.0814343 0.754631 0.255117 0.0750487 0.743801 0.250277
2 0.00436004 0.564913 0.355855 0.00482684 0.570625 0.34821
2 0.417527 -0.659666 -0.171081 0.417991 -0.650494 -0.16826
2 0.426587 -0.829644 -0.200532 0.430376 -0.850357 -0.199969
2 0.0224616 -0.290724 -0.499557 0.0215758 -0.28556 -0.489453
2 0.418967 -0.736405 -0.190669 0.41822 -0.722258 -0.187578
2 0.657536 0.526919 0.256709 0.670718 0.534499 0.273591
2 0.159154 0.872471 0.311834 0.167664 0.883659 0.31762
2 0.212786 0.938105 0.348899 0.218845 0.94483 0.353
2 -0.211931 -0.168937 -0.163189 -0.217903 -0.175131 -0.162153
2 0.201631 0.9252 0.340998 0.190748 0.912432 0.333309
2 0.682294 0.541875 0.290451 0.670718 0.534499 0.273591
2 0.00151574 0.539587 0.389875 0.00200794 0.530999 0.405369
2 0.0187099 -0.259503 -0.450345 0.017945 -0.251859 -0.440923
2 -0.729428 0.673553 0.307252 -0.731139 0.680837 0.31536
2 0.444928 -0.879652 -0.189358 0.43912 -0.868666 -0.193713
2 0.102367 0.790447 0.271221 0.111101 0.804145 0.277771
2 -0.3047 -0.648402 -0.222386 -0.303558 -0.655952 -0.227134
2 0.707134 0.563405 0.343786 0.712483 0.56899 0.35871
2 0.435799 -0.541948 -0.126451 0.43347 -0.559498 -0.132936
2 0.700281 0.556681 0.326432 0.693209 0.550053 0.310256
2 0.0504166 -0.0248564 -0.182745 0.063941 -0.029785 -0.180198
2 0.00033759 0.669199 0.212764 0.00860525 0.653524 0.222208
2 0.716101 0.573011 0.369686 0.712483 0.56899 0.35871
2 -0.301471 -0.670992 -0.236248 -0.302888 -0.660489 -0.229956
2 -0.262226 -0.22717 -0.153268 -0.269452 -0.238258 -0.150939
2 -0.299859 -0.893422 -0.250887 -0.295803 -0.883982 -0.258583
2 0.682294 0.541875 0.290451 0.68966 0.547355 0.303388
2 0.187572 0.908619 0.331084 0.190748 0.912432 0.333309
2 0.739178 0.60955 0.687671 0.733723 0.610199 0.700224
2 -0.738041 0.718728 0.361059 -0.737328 0.713559 0.354074
2 0.023431 -0.295998 -0.510895 0.0224616 -0.290724 -0.499557
2 0.700281 0.556681 0.326432 0.707134 0.563405 0.343786
2 -0.429138 -0.950417 -0.138899 -0.421109 -0.948839 -0.139029
2 -0.675983 0.857033 0.382871 -0.682764 0.845068 0.37665
2 -0.736551 0.707212 0.346217 -0.735361 0.700353 0.337699
2 0.154431 -0.0791162 -0.178069 0.166156 -0.0870103 -0.178412
2 -0.669386 0.870386 0.390415 -0.675983 0.857033 0.382871
2 -0.682764 0.845068 0.37665 -0.692982 0.828525 0.375207
2 -0.173019 0.858471 0.295599 -0.160293 0.841547 0.290508
2 -0.72799 0.764919 0.387222 -0.734018 0.750039 0.385819
2 -0.739588 0.73707 0.387993 -0.739381 0.731282 0.379897
2 -0.738041 0.718728 0.361059 -0.738929 0.723693 0.368791
2 0.68966 0.547355 0.303388 0.693209 0.550053 0.310256
2 0.0130789 0.269703 -0.14722 0.0125118 0.258002 -0.147992
2 0.0260853 -0.307311 -0.539865 0.0248563 -0.302624 -0.52708
2 -0.669386 0.870386 0.390415 -0.665543 0.877655 0.39634
2 -0.721495 0.781733 0.391178 -0.711026 0.798881 0.381057
2 0.00705698 0.602119 0.30269 0.00647918 0.590861 0.319816
2 0.0184776 0.0112483 -0.18303 0.0180556 0.0352588 -0.178855
2 0.720882 0.578566 0.385112 0.72561 0.584768 0.402416
2 0.0285542 -0.313729 -0.561891 0.0308338 -0.318165 -0.580157
2 0.0269847 -0.309696 -0.547773 0.0285542 -0.313729 -0.561891
2 0.0260853 -0.307311 -0.539865 0.0269847 -0.309696 -0.547773
2 -0.302888 -0.660489 -0.229956 -0.303558 -0.655952 -0.227134
2 0.00200794 0.530999 0.405369 0.00210119 0.526391 0.412399
2 -0.72799 0.764919 0.387222 -0.721495 0.781733 0.391178
2 -0.739588 0.73707 0.387993 -0.734018 0.750039 0.385819
2 -0.715662 0.801792 0.40764 -0.712371 0.811569 0.417335
2 0.421395 -0.622582 -0.158785 0.42261 -0.614366 -0.155489
2 0.0332953 -0.322576 -0.599041 0.0308338 -0.318165 -0.580157
2 0.00315307 0.549911 0.375762 0.0040607 0.560947 0.361167
2 0.0332953 -0.322576 -0.599041 0.0346118 -0.324856 -0.608701
2 0.121391 0.494633 -0.0937923 0.113878 0.494594 -0.0965687
2 -0.712371 0.811569 0.417335 -0.707604 0.823011 0.429289
2 -0.739588 0.73707 0.387993 -0.744308 0.734234 0.400617
2 -0.744308 0.734234 0.400617 -0.751826 0.727813 0.417656
2 -0.711026 0.798881 0.381057 -0.701953 0.814247 0.376777
2 0.752657 0.622401 0.588251 0.760411 0.600612 0.594409
2 0.00436004 0.564913 0.355855 0.0040607 0.560947 0.361167
2 0.00126468 0.52177 0.423295 0.000415465 0.517129 0.436969
2 -0.751426 0.734215 0.431957 -0.751826 0.727813 0.417656
2 0.0382381 -0.331613 -0.633874 0.0362658 -0.327885 -0.620441
2 0.729948 0.590631 0.418883 0.732777 0.5947 0.430353
2 0.743193 0.613464 0.482916 0.745123 0.617597 0.495637
2 0.0593429 -0.391516 -0.730229 0.0612491 -0.400346 -0.736642
2 0.000415465 0.517129 0.436969 -9.69048e-05 0.513914 0.448384
2 0.00126468 0.52177 0.423295 0.00210119 0.526391 0.412399
2 -0.701126 0.834226 0.444295 -0.698627 0.838041 0.450229
2 -0.707604 0.823011 0.429289 -0.704443 0.828859 0.435906
2 -0.750562 0.738151 0.438043 -0.750161 0.746885 0.458908
2 -0.748945 0.752505 0.472559 -0.750161 0.746885 0.458908
2 -0.00605424 0.479313 -0.133923 0.00314336 0.477502 -0.133622
2 -0.701126 0.834226 0.444295 -0.704443 0.828859 0.435906
2 0.423932 -0.607637 -0.152821 0.42261 -0.614366 -0.155489
2 -0.738868 0.770843 0.501495 -0.742712 0.764762 0.488737
2 -0.680174 0.860656 0.486621 -0.689094 0.852561 0.472438
2 0.0404029 -0.336033 -0.647079 0.0429429 -0.341577 -0.661804
2 0.00329658 -0.0439458 -0.210687 0.00660172 -0.0349791 -0.199852
2 0.756573 0.605139 0.629441 0.752983 0.605964 0.646048
2 -9.69048e-05 0.513914 0.448384 -0.00135368 0.507849 0.474107
2 -0.00135368 0.507849 0.474107 -0.00227598 0.50366 0.495155
2 -0.748945 0.752505 0.472559 -0.742712 0.764762 0.488737
2 0.0404029 -0.336033 -0.647079 0.0382381 -0.331613 -0.633874
2 -0.689094 0.852561 0.472438 -0.696145 0.84173 0.456239
2 -0.763445 0.714354 0.440391 -0.751826 0.727813 0.417656
2 -0.768011 0.70922 0.452705 -0.775017 0.701452 0.472447
2 -0.778116 0.698042 0.481494 -0.779573 0.697934 0.492155
2 -0.738868 0.770843 0.501495 -0.734138 0.775888 0.515735
2 0.732362 0.695146 0.534496 0.729645 0.702887 0.534852
2 0.745123 0.617597 0.495637 0.746346 0.621473 0.508574
2 0.705241 0.755569 0.545747 0.709249 0.748307 0.541745
2 -0.779928 0.699747 0.507182 -0.779922 0.701759 0.518614
2 -0.00227598 0.50366 0.495155 -0.00347017 0.499154 0.520081
2 0.0429429 -0.341577 -0.661804 0.0455372 -0.347875 -0.675699
2 -0.72426 0.784271 0.533553 -0.728637 0.781528 0.524214
2 -0.734138 0.775888 0.515735 -0.728637 0.781528 0.524214
2 0.724285 0.717524 0.534559 0.715224 0.736979 0.539096
2 -0.779922 0.701759 0.518614 -0.780464 0.703021 0.530156
2 0.689519 0.781445 0.561647 0.699973 0.765329 0.551531
2 0.724285 0.717524 0.534559 0.727341 0.709185 0.534828
2 -0.72426 0.784271 0.533553 -0.717217 0.788318 0.546489
2 0.709249 0.748307 0.541745 0.715224 0.736979 0.539096
2 0.67898 0.798541 0.573998 0.685375 0.789811 0.567878
2 0.05126 -0.365447 -0.70268 0.0544543 -0.376529 -0.716726
2 -0.290514 -0.767695 -0.276789 -0.292843 -0.754353 -0.273274
2 -0.322748 -0.409803 -0.118725 -0.324243 -0.426583 -0.120437
2 0.689519 0.781445 0.561647 0.685375 0.789811 0.567878
2 0.0476279 -0.35379 -0.685906 0.0455372 -0.347875 -0.675699
2 0.727341 0.709185 0.534828 0.729645 0.702887 0.534852
2 0.750834 0.625134 0.560139 0.745976 0.638592 0.53408
2 0.735679 0.667958 0.612279 0.7444 0.646057 0.590675
2 0.752657 0.622401 0.588251 0.7444 0.646057 0.590675
2 0.731522 0.677296 0.622246 0.735679 0.667958 0.612279
2 -0.334198 -0.924404 -0.193528 -0.34621 -0.930349 -0.171757
2 0.760411 0.600612 0.594409 0.76593 0.585057 0.598707
2 0.0491411 -0.358234 -0.69311 0.05126 -0.365447 -0.70268
2 0.731522 0.677296 0.622246 0.730276 0.679687 0.625186
2 0.728547 0.683134 0.629568 0.730276 0.679687 0.625186
2 0.771142 0.569506 0.603648 0.773443 0.557953 0.610121
2 0.0593429 -0.391516 -0.730229 0.056712 -0.384875 -0.725035
2 0.722271 0.690229 0.640655 0.728547 0.683134 0.629568
2 0.77508 0.541339 0.627259 0.775491 0.535091 0.634505
2 0.716057 0.694956 0.651354 0.708972 0.699091 0.662949
2 0.756573 0.605139 0.629441 0.757875 0.606717 0.614835
2 0.691656 0.705435 0.687256 0.699877 0.703683 0.676887
2 0.775352 0.531781 0.639557 0.775491 0.535091 0.634505
2 0.716057 0.694956 0.651354 0.722271 0.690229 0.640655
2 0.774565 0.524631 0.654006 0.771872 0.51643 0.669487
2 0.056712 -0.384875 -0.725035 0.0544543 -0.376529 -0.716726
2 0.770716 0.510737 0.682543 0.771872 0.51643 0.669487
2 0.699877 0.703683 0.676887 0.708972 0.699091 0.662949
2 0.749915 0.607087 0.658847 0.746077 0.608057 0.669238
2 0.775352 0.531781 0.639557 0.774565 0.524631 0.654006
2 0.739178 0.60955 0.687671 0.74148 0.609027 0.681675
2 0.733723 0.610199 0.700224 0.727944 0.610913 0.711061
2 0.0612491 -0.400346 -0.736642 0.0624272 -0.407639 -0.741345
2 0.691656 0.705435 0.687256 0.685952 0.70664 0.693763
2 0.722008 0.6115 0.721095 0.727944 0.610913 0.711061
2 0.722008 0.6115 0.721095 0.714966 0.610963 0.731986
2 0.714966 0.610963 0.731986 0.712714 0.610741 0.735188
2 -0.381864 0.437734 -0.0451992 -0.370915 0.439185 -0.0487183
2 0.0166858 -0.204778 -0.394064 0.0162506 -0.192549 -0.382131
2 -0.095881 -0.0750276 -0.179954 -0.108815 -0.0840334 -0.179141
2 -0.461273 0.431679 -0.00878459 -0.465078 0.4317 -0.00653473
2 -0.4311 -0.959749 -0.0344966 -0.420652 -0.956573 -0.0468745
2 -0.177392 -0.135242 -0.168961 -0.165046 -0.124177 -0.171566
2 0.196111 0.48236 -0.0634494 0.20921 0.481973 -0.0577171
2 0.590073 0.491663 0.173566 0.57888 0.48676 0.157853
2 0.371331 0.462943 -0.00507058 0.383304 0.46116 -0.00197764
2 -0.318491 -0.382606 -0.1195 -0.316772 -0.374878 -0.120622
2 0.0733418 -0.0333846 -0.178658 0.0789806 -0.0369663 -0.178562
2 0.42092 -0.38402 -0.100841 0.424968 -0.400659 -0.101024
2 -0.205482 0.900708 0.308576 -0.214248 0.912097 0.312267
2 0.0166858 -0.204778 -0.394064 0.0166938 -0.212146 -0.4012
2 0.22359 0.949729 0.355822 0.225212 0.950808 0.356417
2 0.746077 0.608057 0.669238 0.74148 0.609027 0.681675
2 0.705241 0.755569 0.545747 0.699973 0.765329 0.551531
2 0.673792 0.805312 0.57886 0.67898 0.798541 0.573998
2 0.0491411 -0.358234 -0.69311 0.0476279 -0.35379 -0.685906
2 0.769683 0.508898 0.687148 0.769533 0.50884 0.68763
2 -0.613538 0.489876 0.126811 -0.627947 0.499812 0.139454
2 -0.12902 0.799735 0.276647 -0.135107 0.807808 0.279554
2 -0.0914729 0.751835 0.258431 -0.106167 0.769249 0.26641
2 0.218845 0.94483 0.353 0.22359 0.949729 0.355822
2 -0.779928 0.699747 0.507182 -0.779573 0.697934 0.492155
2 -0.778906 0.706558 0.537732 -0.780464 0.703021 0.530156
2 0.671138 -0.954029 -0.0793484 0.684514 -0.95667 -0.0723675
2 -0.128624 0.477498 -0.100678 -0.144435 0.474902 -0.0959405
2 -0.245025 -0.205013 -0.157747 -0.252072 -0.213581 -0.15602
2 -0.225871 -0.18334 -0.16101 -0.217903 -0.175131 -0.162153
2 0.514102 0.463185 0.0721179 0.520998 0.464936 0.0797183
2 0.0228602 0.478096 -0.129128 0.00314336 0.477502 -0.133622
2 -0.236748 -0.195447 -0.15916 -0.225871 -0.18334 -0.16101
2 -0.302362 0.449825 -0.0633471 -0.285309 0.451747 -0.065617
2 -0.140938 -0.106077 -0.175331 -0.155402 -0.116417 -0.173081
2 0.531065 -0.95279 0.00424122 0.53079 -0.956334 0.0204041
2 0.017945 -0.251859 -0.440923 0.0171951 -0.237536 -0.42615
2 -0.184662 0.470133 -0.0843146 -0.227358 0.462244 -0.0762202
2 0.0197063 0.451395 -0.140902 0.0189564 0.458769 -0.138929
2 -0.511468 0.438726 0.027893 -0.517032 0.440521 0.0328574
2 0.548137 -0.969096 0.0761896 0.550895 -0.970863 0.083714
2 0.167664 0.883659 0.31762 0.187572 0.908619 0.331084
2 0.0144611 0.128031 -0.167592 0.0160341 0.113759 -0.169042
2 0.642339 0.518762 0.238542 0.652338 0.524058 0.250334
2 -0.184662 0.470133 -0.0843146 -0.171063 0.472238 -0.0869722
2 0.0145132 -0.178911 -0.368695 0.0124617 -0.162177 -0.35182
2 -0.0665394 0.721986 0.245961 -0.0756833 0.732818 0.250564
2 0.159154 0.872471 0.311834 0.152849 0.863976 0.307514
2 0.00754673 0.610879 0.289714 0.00787784 0.615164 0.282372
2 -0.142373 0.817495 0.282959 -0.151483 0.829715 0.286768
2 0.00482684 0.570625 0.34821 0.00594226 0.583077 0.331041
2 0.0154161 -0.185774 -0.375535 0.0162506 -0.192549 -0.382131
2 0.00469991 -0.0979688 -0.276974 0.00478612 -0.111918 -0.293942
2 0.0243916 -0.300525 -0.521809 0.0248563 -0.302624 -0.52708
2 0.470412 -0.90926 -0.166889 0.477113 -0.912572 -0.160399
2 0.720882 0.578566 0.385112 0.716101 0.573011 0.369686
2 -0.696145 0.84173 0.456239 -0.698627 0.838041 0.450229
2 0.749915 0.607087 0.658847 0.752983 0.605964 0.646048
2 0.771142 0.569506 0.603648 0.769884 0.57377 0.602067
2 0.0135657 0.295647 -0.145792 0.0137209 0.305917 -0.14541
2 -0.603238 0.483003 0.117794 -0.613538 0.489876 0.126811
2 0.0671266 0.732818 0.244491 0.0750487 0.743801 0.250277
2 0.142615 0.849913 0.300423 0.152849 0.863976 0.307514
2 0.599797 -0.948491 -0.0359368 0.605313 -0.950263 -0.0241466
2 0.611425 -0.94491 -0.0827819 0.617772 -0.944696 -0.0908453
2 0.600727 -0.944789 -0.0732588 0.59484 -0.945851 -0.0578926
2 0.178731 -0.0957696 -0.178817 0.169167 -0.0890812 -0.178503
2 0.494058 -0.919903 -0.14354 0.509123 -0.925477 -0.127192
2 -0.324552 -0.919594 -0.208655 -0.330382 -0.922581 -0.19889
2 -0.334198 -0.924404 -0.193528 -0.330382 -0.922581 -0.19889
2 0.419885 -0.759048 -0.194652 0.422456 -0.777862 -0.19627
2 -0.201311 -0.15798 -0.164998 -0.211931 -0.168937 -0.163189
2 -0.177392 -0.135242 -0.168961 -0.187542 -0.144453 -0.167428
2 -0.321352 -0.395123 -0.117524 -0.322748 -0.409803 -0.118725
2 -0.385986 -0.947279 -0.0876614 -0.374998 -0.945418 -0.0939607
2 0.422456 -0.777862 -0.19627 0.423678 -0.796477 -0.198068
2 -0.273958 0.453969 -0.0677638 -0.285309 0.451747 -0.065617
2 0.21299 -0.122369 -0.178626 0.225089 -0.132609 -0.179063
2 -0.015675 -0.0381248 -0.195262 -0.0403637 -0.0437258 -0.185999
2 0.449198 -0.886231 -0.185906 0.453841 -0.89302 -0.182086
2 -0.402425 -0.945411 -0.138507 -0.411069 -0.946978 -0.138924
2 0.398037 0.459051 0.00205606 0.417101 0.457383 0.00848727
2 0.00782033 -0.134961 -0.32101 0.0097841 -0.1462 -0.333912
2 0.331572 0.468835 -0.0152916 0.319461 0.470594 -0.0185515
2 0.480768 0.457955 0.0429786 0.475978 0.457483 0.0394138
2 -0.504393 0.436822 0.0218887 -0.491776 0.434167 0.0118149
2 -0.552232 0.456089 0.0671794 -0.559394 0.459847 0.0743007
2 0.424178 -0.803898 -0.198749 0.423678 -0.796477 -0.198068
2 0.0814343 0.754631 0.255117 0.0910488 0.77123 0.262443
2 0.0161187 0.648849 0.112781 0.0168096 0.646739 0.102399
2 0.212786 0.938105 0.348899 0.201631 0.9252 0.340998
2 0.404542 -0.343667 -0.107802 0.410792 -0.358922 -0.1051
2 0.25913 0.476612 -0.0374833 0.28612 0.474217 -0.027685
2 -0.198689 0.891995 0.305865 -0.205482 0.900708 0.308576
2 -0.692982 0.828525 0.375207 -0.700225 0.817184 0.376248
2 -0.700225 0.817184 0.376248 -0.701953 0.814247 0.376777
2 0.729948 0.590631 0.418883 0.72561 0.584768 0.402416
2 0.743193 0.613464 0.482916 0.737965 0.603882 0.456462
2 0.00315307 0.549911 0.375762 0.00151574 0.539587 0.389875
2 0.0346118 -0.324856 -0.608701 0.0362658 -0.327885 -0.620441
2 -0.775017 0.701452 0.472447 -0.778116 0.698042 0.481494
2 0.745976 0.638592 0.53408 0.740435 0.669713 0.534244
2 0.438252 -0.455824 -0.101836 0.433179 -0.43595 -0.101806
2 -0.0665394 0.721986 0.245961 -0.0599353 0.714295 0.243007
2 0.398037 0.459051 0.00205606 0.393724 0.459598 0.000709694
2 0.21299 -0.122369 -0.178626 0.199456 -0.111274 -0.17977
2 -0.545013 0.452574 0.0600023 -0.534851 0.447965 0.0499971
2 0.0119346 0.251249 -0.148232 0.0125118 0.258002 -0.147992
2 0.633864 0.514308 0.228614 0.620065 0.506217 0.21228
2 0.0910488 0.77123 0.262443 0.102367 0.790447 0.271221
2 -0.00347017 0.499154 0.520081 -0.00315297 0.498366 0.525238
2 -0.316636 -0.58674 -0.18061 -0.319644 -0.569397 -0.169789
2 0.307128 0.472295 -0.0215804 0.319461 0.470594 -0.0185515
2 -0.160293 0.841547 0.290508 -0.151483 0.829715 0.286768
2 -0.305766 -0.90709 -0.239357 -0.299859 -0.893422 -0.250887
2 0.25913 0.476612 -0.0374833 0.243949 0.47927 -0.0428183
2 0.59484 -0.945851 -0.0578926 0.570204 -0.94373 -0.0573058
2 -0.253452 0.457387 -0.0713592 -0.264322 0.455366 -0.0693485
2 0.104646 0.495109 -0.0995499 0.113878 0.494594 -0.0965687
2 0.552155 -0.943023 -0.0539563 0.538525 -0.944055 -0.0423028
2 -0.121192 -0.0924257 -0.177629 -0.108815 -0.0840334 -0.179141
2 -0.0866035 -0.0685501 -0.18173 -0.095881 -0.0750276 -0.179954
2 -0.388966 -0.943423 -0.133442 -0.402425 -0.945411 -0.138507
2 -0.326467 0.446027 -0.0591118 -0.346343 0.442869 -0.0549573
2 0.611425 -0.94491 -0.0827819 0.604598 -0.944858 -0.0763865
2 -0.634451 0.504273 0.145318 -0.627947 0.499812 0.139454
2 0.0138691 0.319149 -0.144831 0.0137209 0.305917 -0.14541
2 0.0249354 0.60399 -0.0103618 0.0260785 0.595543 -0.0249327
2 -0.321352 -0.395123 -0.117524 -0.318491 -0.382606 -0.1195
2 -0.275453 -0.248643 -0.148613 -0.280646 -0.258793 -0.145357
2 -0.706634 0.602466 0.23904 -0.703054 0.592882 0.231522
2 -0.450964 0.43187 -0.0145998 -0.461273 0.431679 -0.00878459
2 -0.734264 0.694498 0.330696 -0.732466 0.686579 0.321776
2 -0.732466 0.686579 0.321776 -0.731139 0.680837 0.31536
2 -0.734264 0.694498 0.330696 -0.735361 0.700353 0.337699
2 0.0126362 0.201269 -0.156034 0.0124423 0.211481 -0.154457
2 -0.312633 -0.912327 -0.227839 -0.320651 -0.917217 -0.215319
2 0.00754673 0.610879 0.289714 0.00705698 0.602119 0.30269
2 -0.152594 0.474061 -0.0932501 -0.144435 0.474902 -0.0959405
2 0.00853867 0.646792 0.230996 0.00860525 0.653524 0.222208
2 0.169167 -0.0890812 -0.178503 0.166156 -0.0870103 -0.178412
2 0.740435 0.669713 0.534244 0.734921 0.687882 0.534285
2 0.746346 0.621473 0.508574 0.745976 0.638592 0.53408
2 0.732362 0.695146 0.534496 0.734921 0.687882 0.534285
2 -0.165046 -0.124177 -0.171566 -0.155402 -0.116417 -0.173081
2 0.566835 0.481552 0.140728 0.55967 0.478574 0.130576
2 -0.273958 0.453969 -0.0677638 -0.264322 0.455366 -0.0693485
2 -0.355574 -0.960177 0.0377977 -0.35812 -0.961163 0.0429233
2 0.347778 0.466454 -0.0110937 0.342151 0.467295 -0.0125468
2 0.347778 0.466454 -0.0110937 0.371331 0.462943 -0.00507058
2 -0.262226 -0.22717 -0.153268 -0.252072 -0.213581 -0.15602
2 0.0158754 0.651942 0.125593 0.0161187 0.648849 0.112781
2 -0.388966 -0.943423 -0.133442 -0.372812 -0.940705 -0.130201
2 0.0170214 0.103947 -0.169942 0.0160341 0.113759 -0.169042
2 0.0176475 0.0690529 -0.173805 0.0174346 0.0849481 -0.171908
2 0.00469991 -0.0979688 -0.276974 0.00519279 -0.0873645 -0.264077
2 -0.0698568 -0.0590295 -0.182932 -0.0768999 -0.0628537 -0.182345
2 -0.689157 0.560326 0.206134 -0.681186 0.546623 0.195066
2 -0.711417 0.615477 0.250128 -0.717763 0.633824 0.267145
2 0.41822 -0.722258 -0.187578 0.417779 -0.694968 -0.180579
2 0.424968 -0.400659 -0.101024 0.429452 -0.419838 -0.101428
2 -0.292843 -0.754353 -0.273274 -0.295633 -0.736714 -0.266183
2 0.0128243 0.193064 -0.157355 0.0126362 0.201269 -0.156034
2 -0.664864 0.527459 0.175186 -0.66204 0.525779 0.171849
2 -0.645611 0.512299 0.155545 -0.634451 0.504273 0.145318
2 0.769683 0.508898 0.687148 0.770716 0.510737 0.682543
2 0.0171044 0.366725 -0.147854 0.0171526 0.348569 -0.146353
2 0.00519279 -0.0873645 -0.264077 0.00540686 -0.0824072 -0.258012
2 0.0054314 -0.0644427 -0.237088 0.0048487 -0.0604025 -0.232316
2 -0.0482374 -0.0478042 -0.185605 -0.0403637 -0.0437258 -0.185999
2 0.0241593 0.610244 0.00170894 0.0230946 0.618807 0.0182463
2 0.0304365 0.565508 -0.0609527 0.0320285 0.554053 -0.0743757
2 0.00853867 0.646792 0.230996 0.00816995 0.636832 0.24766
2 0.00555192 -0.0717789 -0.24564 0.0054314 -0.0644427 -0.237088
2 -0.739381 0.731282 0.379897 -0.738929 0.723693 0.368791
2 0.732777 0.5947 0.430353 0.737965 0.603882 0.456462
2 -0.227358 0.462244 -0.0762202 -0.253452 0.457387 -0.0713592
2 0.34084 -0.251144 -0.149012 0.338898 -0.248733 -0.150171
2 0.0180556 0.0352588 -0.178855 0.0176475 0.0690529 -0.173805
2 0.0135657 0.295647 -0.145792 0.0132848 0.276576 -0.146808
2 0.0168096 0.646739 0.102399 0.0180574 0.642484 0.0838451
2 0.0130789 0.269703 -0.14722 0.0132848 0.276576 -0.146808
2 0.0135905 0.657381 0.165485 0.0131363 0.659497 0.177277
2 0.0325402 0.686756 0.218186 0.0283302 0.682715 0.216764
2 0.02215 0.624661 0.0295164 0.0230946 0.618807 0.0182463
2 0.20921 0.481973 -0.0577171 0.2216 0.480589 -0.0525611
2 0.0470185 0.503944 -0.111515 0.0402817 0.513829 -0.107836
2 0.0249354 0.60399 -0.0103618 0.0241593 0.610244 0.00170894
2 0.153359 0.489488 -0.0804718 0.14137 0.492038 -0.0850614
2 0.0260785 0.595543 -0.0249327 0.0282226 0.581196 -0.0423984
2 0.0955502 0.495695 -0.102416 0.084533 0.49671 -0.105601
2 0.018896 0.429995 -0.14623 0.0191494 0.441387 -0.143434
2 -0.0504468 0.477808 -0.129945 -0.0298557 0.479234 -0.134325
2 0.0708217 0.4989 -0.108676 0.084533 0.49671 -0.105601
2 0.0419877 0.495047 -0.116906 0.0363333 0.490117 -0.120502
2 0.0363333 0.490117 -0.120502 0.0228602 0.478096 -0.129128
