2 0.565399 -0.127162 0.309497 0.555988 -0.127192 0.309683
2 -0.264707 -0.127116 -0.37623 -0.247473 -0.126956 -0.390377
2 0.459038 -0.210571 -0.313074 0.469417 -0.210902 -0.314244
2 -0.0789204 -0.141041 -0.393791 -0.0785679 -0.141049 -0.376541
2 0.534764 -0.139264 -0.706185 0.546575 -0.139269 -0.698172
2 -0.0517267 -0.129672 -0.201001 -0.058967 -0.126066 -0.161691
2 0.660835 -0.13948 -0.620704 0.672884 -0.139464 -0.634089
2 0.384032 -0.139525 -0.741613 0.402399 -0.139464 -0.745685
2 -0.1151 -0.140487 -0.660311 -0.119457 -0.140429 -0.675145
2 -0.0332999 -0.13335 -0.252665 -0.0613091 -0.135673 -0.278714
2 -0.538996 -0.208063 -0.464107 -0.555258 -0.208666 -0.475843
2 -0.22646 -0.15264 -0.181765 -0.245561 -0.158762 -0.193414
2 -0.0371619 -0.0963465 -0.00274145 -0.0507867 -0.096271 0.000459841
2 0.451835 -0.128008 0.221477 0.453226 -0.128082 0.210652
2 0.646743 -0.126946 0.267664 0.632998 -0.126976 0.281556
2 0.689369 -0.126908 0.1831 0.688362 -0.126893 0.197057
2 0.0373899 -0.113959 -0.0745419 0.0567366 -0.106444 -0.049363
2 -0.361734 -0.12314 0.444847 -0.352679 -0.120135 0.424101
2 -0.394567 -0.133382 0.58879 -0.39388 -0.133611 0.597823
2 -0.223459 -0.0693376 0.207935 -0.228159 -0.069004 0.218736
2 -0.338203 -0.190389 -0.292632 -0.354515 -0.193558 -0.310062
2 0.256924 -0.128446 0.568183 0.257684 -0.128304 0.552077
2 -0.3911 -0.131569 0.546502 -0.388313 -0.130657 0.530324
2 -0.608516 -0.210647 -0.515438 -0.631832 -0.210909 -0.50633
2 0.00133636 -0.0763385 0.0601054 0.00495867 -0.0733572 0.0700308
2 -0.0806394 -0.141118 -0.433125 -0.0814037 -0.141095 -0.452038
2 -0.0833364 -0.14105 -0.485125 -0.0846274 -0.141019 -0.506249
2 -0.0825656 -0.141068 -0.471816 -0.0833364 -0.14105 -0.485125
2 -0.0875961 -0.140943 -0.536238 -0.0898735 -0.140892 -0.551842
2 -0.464486 -0.138431 -0.797594 -0.464799 -0.138394 -0.786814
2 -0.372119 -0.138415 -0.687357 -0.358983 -0.138455 -0.689429
2 0.233024 -0.140036 -0.696003 0.244055 -0.139993 -0.703763
2 0.420942 -0.139403 -0.749775 0.433867 -0.139363 -0.752067
2 0.016749 -0.108309 -0.0536954 0.0020537 -0.105806 -0.0450554
2 0.244055 -0.139993 -0.703763 0.256399 -0.139945 -0.712618
2 0.293605 -0.139823 -0.721188 0.256399 -0.139945 -0.712618
2 0.148197 -0.140334 -0.610467 0.1386 -0.140359 -0.596985
2 0.123228 -0.140386 -0.572911 0.115098 -0.140387 -0.557995
2 -0.334632 -0.138519 -0.696058 -0.325434 -0.138543 -0.699376
2 -0.380243 -0.139094 -0.926792 -0.400258 -0.139009 -0.91905
2 -0.158941 -0.135848 -0.149418 -0.1518 -0.134719 -0.148462
2 -0.111934 -0.129772 -0.143981 -0.125525 -0.131771 -0.147689
2 -0.0926354 -0.0942235 0.0204984 -0.0813667 -0.0950104 0.0139213
2 -0.137407 -0.0906038 0.052313 -0.120787 -0.0919544 0.0402794
2 -0.677236 -0.209341 -0.3006 -0.683434 -0.20938 -0.311587
2 -0.692746 -0.20994 -0.401176 -0.695377 -0.209801 -0.383853
2 -0.68272 -0.210252 -0.436112 -0.676482 -0.210394 -0.4508
2 -0.303324 -0.180126 -0.255195 -0.323079 -0.187495 -0.276681
2 -0.306688 -0.127513 -0.341176 -0.28123 -0.127271 -0.362433
2 0.451988 -0.127825 0.246941 0.451335 -0.127944 0.23059
2 0.427621 -0.128749 -0.0877669 0.438712 -0.128747 -0.0862433
2 0.476261 -0.128743 -0.0814392 0.458848 -0.12874 -0.0834493
2 -0.0948346 -0.127389 0.633317 -0.115475 -0.127383 0.649571
2 -0.211728 -0.127849 0.727294 -0.190032 -0.127514 0.714484
2 0.262002 -0.127415 0.752031 0.258282 -0.12755 0.735264
2 0.256562 -0.126085 0.494184 0.255412 -0.125151 0.479735
2 0.00133636 -0.0763385 0.0601054 -0.00498369 -0.0821843 0.0402916
2 -0.469013 -0.130592 -0.14394 -0.468806 -0.130524 -0.150911
2 -0.468806 -0.130524 -0.150911 -0.468275 -0.130375 -0.166043
2 0.0715183 -0.0503607 0.189608 0.0517526 -0.0543642 0.157356
2 0.0773974 -0.104293 -0.0421873 0.103234 -0.101433 -0.0322417
2 -0.458776 -0.138597 -0.842512 -0.454802 -0.138656 -0.857095
2 -0.0995435 -0.12777 -0.139353 -0.111934 -0.129772 -0.143981
2 -0.284398 -0.139424 -0.912487 -0.299527 -0.139375 -0.920677
2 -0.0507867 -0.096271 0.000459841 -0.0624233 -0.0961439 0.00341913
2 0.626734 -0.139371 -0.642357 0.609455 -0.139345 -0.654296
2 0.508001 -0.139262 -0.723497 0.494209 -0.139267 -0.731596
2 0.485811 -0.139274 -0.736111 0.494209 -0.139267 -0.731596
2 -0.344106 -0.138494 -0.693033 -0.334632 -0.138519 -0.696058
2 -0.344106 -0.138494 -0.693033 -0.358983 -0.138455 -0.689429
2 -0.441613 -0.138772 -0.881201 -0.432266 -0.138838 -0.893658
2 0.606177 -0.21205 -0.312865 0.597816 -0.212152 -0.313897
2 0.659595 -0.211222 -0.305283 0.649236 -0.211411 -0.30691
2 0.233483 -0.181121 -0.227143 0.240329 -0.183551 -0.232308
2 0.292066 -0.198524 -0.268643 0.306911 -0.200855 -0.276453
2 -0.676482 -0.210394 -0.4508 -0.670372 -0.210513 -0.462388
2 -0.680371 -0.209259 -0.280006 -0.664671 -0.209318 -0.291911
2 -0.677236 -0.209341 -0.3006 -0.664671 -0.209318 -0.291911
2 -0.490057 -0.206244 -0.428823 -0.46875 -0.205114 -0.412399
2 -0.573987 -0.209348 -0.488884 -0.608516 -0.210647 -0.515438
2 -0.250056 -0.126483 -0.455685 -0.254117 -0.12642 -0.465623
2 0.454347 -0.127708 0.263928 0.457992 -0.127633 0.27483
2 -0.290543 -0.130923 0.715623 -0.31898 -0.131997 0.70727
2 -0.384954 -0.129634 0.514167 -0.388313 -0.130657 0.530324
2 -0.317775 -0.104898 0.358527 -0.322846 -0.107124 0.367634
2 -0.212734 -0.0749961 0.163055 -0.217725 -0.0706416 0.192419
2 0.0175413 -0.0660826 0.0936282 0.00495867 -0.0733572 0.0700308
2 0.258557 -0.127759 0.521009 0.25728 -0.126669 0.503227
2 -0.255553 -0.126404 -0.468653 -0.257732 -0.126379 -0.473077
2 -0.69225 -0.209494 -0.336669 -0.686317 -0.209412 -0.319035
2 0.680345 -0.139602 -0.662908 0.683754 -0.139666 -0.676326
2 0.546575 -0.139269 -0.698172 0.560538 -0.139279 -0.688571
2 -0.165368 -0.139972 -0.789152 -0.160247 -0.140004 -0.781063
2 -0.614043 -0.209317 -0.290685 -0.602676 -0.209348 -0.296752
2 0.685561 -0.126972 0.150274 0.684488 -0.126987 0.143492
2 0.590265 -0.127923 -0.0196394 0.597605 -0.127855 -0.0128054
2 -0.242384 -0.0738823 0.238134 -0.232764 -0.0706412 0.224132
2 0.186272 -0.087596 0.32619 0.194332 -0.0916435 0.337889
2 -0.243601 -0.126639 -0.433813 -0.243182 -0.126699 -0.426004
2 -0.246068 -0.126868 -0.40353 -0.247473 -0.126956 -0.390377
2 -0.586129 -0.209326 -0.31151 -0.579998 -0.209323 -0.317523
2 -0.0218794 -0.0987975 -0.0143341 -0.0371619 -0.0963465 -0.00274145
2 -0.0814037 -0.141095 -0.452038 -0.0820042 -0.141081 -0.462224
2 -0.105413 -0.140617 -0.627334 -0.100881 -0.140682 -0.610594
2 -0.464486 -0.138431 -0.797594 -0.463136 -0.138479 -0.81095
2 0.104838 -0.140388 -0.539166 0.097657 -0.140371 -0.5236
2 0.0020537 -0.105806 -0.0450554 -0.00364236 -0.102601 -0.0314785
2 0.686911 -0.139738 -0.692236 0.684807 -0.139773 -0.709008
2 0.59921 -0.139327 -0.661469 0.609455 -0.139345 -0.654296
2 0.0449755 -0.139402 -0.370706 0.0504 -0.139577 -0.388885
2 0.129752 -0.140377 -0.583558 0.1386 -0.140359 -0.596985
2 -0.372119 -0.138415 -0.687357 -0.401116 -0.138323 -0.687913
2 -0.464673 -0.138343 -0.771401 -0.464799 -0.138394 -0.786814
2 -0.451391 -0.138167 -0.703509 -0.46341 -0.138222 -0.734792
2 -0.0888681 -0.12654 -0.139103 -0.0596591 -0.123992 -0.144779
2 -0.0596591 -0.123992 -0.144779 -0.0561862 -0.119906 -0.115823
2 0.515691 -0.211985 -0.317518 0.492706 -0.211517 -0.316243
2 -0.69225 -0.209494 -0.336669 -0.69556 -0.209586 -0.353262
2 -0.663741 -0.210627 -0.473203 -0.670372 -0.210513 -0.462388
2 -0.692746 -0.20994 -0.401176 -0.688053 -0.21011 -0.420826
2 -0.254117 -0.12642 -0.465623 -0.255553 -0.126404 -0.468653
2 -0.250056 -0.126483 -0.455685 -0.246348 -0.126554 -0.445191
2 -0.372462 -0.128217 -0.285664 -0.366874 -0.128148 -0.290503
2 -0.379041 -0.128302 -0.279905 -0.385779 -0.128394 -0.273891
2 0.632998 -0.126976 0.281556 0.612512 -0.12702 0.301947
2 -0.0948346 -0.127389 0.633317 -0.0864232 -0.127391 0.627752
2 -0.123817 -0.12738 0.656127 -0.134813 -0.127379 0.664938
2 -0.190032 -0.127514 0.714484 -0.17906 -0.127415 0.706001
2 0.256562 -0.126085 0.494184 0.25728 -0.126669 0.503227
2 -0.463312 -0.131099 -0.0457224 -0.455376 -0.130706 -0.034504
2 -0.203633 -0.0859143 0.0987503 -0.18511 -0.0871415 0.0861934
2 -0.469504 -0.130783 -0.12405 -0.470105 -0.131011 -0.100306
2 -0.470336 -0.131359 -0.060816 -0.463312 -0.131099 -0.0457224
2 -0.326289 -0.108635 0.373846 -0.33546 -0.112657 0.390494
2 -0.378681 -0.133799 0.643067 -0.385718 -0.133872 0.627802
2 -0.203633 -0.0859143 0.0987503 -0.198333 -0.0830421 0.112828
2 -0.225485 -0.0886068 0.0909429 -0.203633 -0.0859143 0.0987503
2 -0.0753972 -0.140593 -0.353124 -0.0785679 -0.141049 -0.376541
2 -0.442464 -0.129443 -0.215001 -0.458446 -0.129982 -0.187891
2 0.253899 -0.123921 0.460737 0.252851 -0.12307 0.447577
2 0.241217 -0.114414 -0.0452006 0.265058 -0.117524 -0.0516412
2 -0.0888681 -0.12654 -0.139103 -0.0995435 -0.12777 -0.139353
2 -0.654926 -0.210761 -0.485793 -0.663741 -0.210627 -0.473203
2 0.672884 -0.139464 -0.634089 0.680345 -0.139602 -0.662908
2 0.223227 -0.111782 -0.0410306 0.211656 -0.11017 -0.0386907
2 0.660835 -0.13948 -0.620704 0.626734 -0.139371 -0.642357
2 0.534764 -0.139264 -0.706185 0.524165 -0.139263 -0.713084
2 0.371584 -0.139566 -0.738825 0.384032 -0.139525 -0.741613
2 0.0816106 -0.140287 -0.485144 0.073898 -0.140215 -0.464476
2 0.0854288 -0.140317 -0.495043 0.0816106 -0.140287 -0.485144
2 0.0589806 -0.139847 -0.417302 0.0641279 -0.140008 -0.434342
2 0.0412161 -0.139261 -0.35803 0.0449755 -0.139402 -0.370706
2 -0.401116 -0.138323 -0.687913 -0.427087 -0.138237 -0.693836
2 -0.213208 -0.139698 -0.855703 -0.218551 -0.139676 -0.860375
2 -0.0669952 -0.137493 -0.296195 -0.0613091 -0.135673 -0.278714
2 -0.135004 -0.140244 -0.721792 -0.129257 -0.140298 -0.708302
2 -0.454802 -0.138656 -0.857095 -0.450489 -0.138712 -0.870375
2 -0.46341 -0.138222 -0.734792 -0.464037 -0.138286 -0.753502
2 0.0323284 -0.138422 -0.327573 0.0201079 -0.135817 -0.278062
2 0.533251 -0.212248 -0.317999 0.515691 -0.211985 -0.317518
2 0.584218 -0.212323 -0.315603 0.597816 -0.212152 -0.313897
2 0.20356 -0.16966 -0.204972 0.180805 -0.160456 -0.186863
2 -0.696314 -0.209659 -0.36436 -0.695992 -0.209757 -0.378131
2 -0.406061 -0.200098 -0.35931 -0.41481 -0.201005 -0.367241
2 -0.39141 -0.198216 -0.345263 -0.379833 -0.19674 -0.334194
2 0.0557459 -0.122801 -0.106162 0.0661542 -0.125014 -0.112289
2 0.451835 -0.128008 0.221477 0.451335 -0.127944 0.23059
2 0.505439 -0.127358 0.306115 0.474031 -0.12746 0.301982
2 0.555988 -0.127192 0.309683 0.538196 -0.12725 0.308933
2 0.644935 -0.127393 0.0497013 0.631917 -0.127522 0.0276438
2 0.670854 -0.126895 0.242808 0.663646 -0.12691 0.250299
2 0.325558 -0.122581 -0.0682288 0.333124 -0.123167 -0.0702737
2 0.333124 -0.123167 -0.0702737 0.355189 -0.124808 -0.0762117
2 0.505439 -0.127358 0.306115 0.512999 -0.127333 0.306868
2 0.564396 -0.128157 -0.0400925 0.55042 -0.128278 -0.0503345
2 -0.0864232 -0.127391 0.627752 -0.0735285 -0.127391 0.619999
2 -0.17906 -0.127415 0.706001 -0.170561 -0.127394 0.698491
2 -0.16442 -0.127396 0.692651 -0.170561 -0.127394 0.698491
2 -0.384954 -0.129634 0.514167 -0.382247 -0.128857 0.503728
2 0.262002 -0.127415 0.752031 0.265796 -0.127304 0.767681
2 0.194332 -0.0916435 0.337889 0.20569 -0.0975522 0.354773
2 0.17356 -0.0816392 0.310387 0.186272 -0.087596 0.32619
2 0.0715183 -0.0503607 0.189608 0.0933266 -0.0507407 0.216531
2 0.258557 -0.127759 0.521009 0.258381 -0.128105 0.535097
2 0.17356 -0.0816392 0.310387 0.16319 -0.0768905 0.297565
2 -0.353865 -0.118709 0.0553891 -0.413768 -0.12686 0.00943171
2 -0.455376 -0.130706 -0.034504 -0.448397 -0.130358 -0.0246923
2 -0.469013 -0.130592 -0.14394 -0.469504 -0.130783 -0.12405
2 -0.3911 -0.131569 0.546502 -0.393361 -0.132376 0.562369
2 -0.223459 -0.0693376 0.207935 -0.221764 -0.0697367 0.203245
2 -0.394316 -0.132947 0.576363 -0.393361 -0.132376 0.562369
2 0.0567366 -0.106444 -0.049363 0.0674159 -0.105873 -0.0477079
2 0.103234 -0.101433 -0.0322417 0.145837 -0.10241 -0.0307165
2 -0.353865 -0.118709 0.0553891 -0.345975 -0.117688 0.0601627
2 0.427621 -0.128749 -0.0877669 0.409006 -0.128732 -0.0899691
2 0.459038 -0.210571 -0.313074 0.447619 -0.210198 -0.311741
2 -0.392147 -0.13376 0.607251 -0.385718 -0.133872 0.627802
2 -0.364328 -0.123873 0.45178 -0.361734 -0.12314 0.444847
2 0.224985 -0.1077 0.384232 0.234271 -0.112648 0.398639
2 0.454713 -0.128132 0.202542 0.453226 -0.128082 0.210652
2 0.25118 -0.187397 -0.240558 0.240329 -0.183551 -0.232308
2 0.684807 -0.139773 -0.709008 0.68154 -0.139783 -0.721529
2 -0.37131 -0.139131 -0.929817 -0.358102 -0.139179 -0.931402
2 -0.420938 -0.138908 -0.905643 -0.432266 -0.138838 -0.893658
2 -0.575255 -0.209316 -0.323243 -0.579998 -0.209323 -0.317523
2 0.474031 -0.12746 0.301982 0.465292 -0.12753 0.292381
2 -0.256179 -0.129626 0.722664 -0.245787 -0.129233 0.723627
2 -0.470497 -0.131211 -0.0794285 -0.470336 -0.131359 -0.060816
2 -0.00860313 -0.0841139 0.0338816 -0.0144852 -0.0882161 0.0198269
2 -0.145763 -0.127387 0.675193 -0.156412 -0.127393 0.685132
2 0.688362 -0.126893 0.197057 0.686669 -0.126881 0.211094
2 0.565399 -0.127162 0.309497 0.578281 -0.127122 0.308903
2 -0.356584 -0.128034 -0.299229 -0.366874 -0.128148 -0.290503
2 -0.636941 -0.209293 -0.28182 -0.645649 -0.209301 -0.283946
2 0.676717 -0.139785 -0.735516 0.68154 -0.139783 -0.721529
2 0.177529 -0.140243 -0.645915 0.190109 -0.140197 -0.658599
2 0.577214 -0.139297 -0.676917 0.560538 -0.139279 -0.688571
2 0.110162 -0.140388 -0.548932 0.104838 -0.140388 -0.539166
2 -0.314394 -0.138573 -0.704108 -0.318345 -0.138563 -0.702369
2 -0.318345 -0.138563 -0.702369 -0.325434 -0.138543 -0.699376
2 -0.463136 -0.138479 -0.81095 -0.461367 -0.138533 -0.825555
2 -0.0898735 -0.140892 -0.551842 -0.0961441 -0.140766 -0.587776
2 -0.151725 -0.140084 -0.76139 -0.160247 -0.140004 -0.781063
2 -0.0218794 -0.0987975 -0.0143341 -0.0112182 -0.100429 -0.0221541
2 -0.415695 -0.128859 -0.245916 -0.4277 -0.129093 -0.233138
2 0.454347 -0.127708 0.263928 0.451988 -0.127825 0.246941
2 0.622888 -0.12761 0.0160471 0.614158 -0.127695 0.00535794
2 -0.354472 -0.133234 0.67979 -0.333262 -0.132516 0.698219
2 0.251826 -0.127808 0.704302 0.25477 -0.127669 0.719685
2 0.254822 -0.128476 0.601277 0.255855 -0.128498 0.58617
2 -0.23729 -0.0894149 0.0901026 -0.252994 -0.0921064 0.0874859
2 -0.394567 -0.133382 0.58879 -0.394316 -0.132947 0.576363
2 0.265796 -0.127304 0.767681 0.267263 -0.127262 0.773684
2 0.485811 -0.139274 -0.736111 0.474871 -0.139286 -0.741215
2 0.251263 -0.128284 0.648994 0.249569 -0.128076 0.680323
2 0.590265 -0.127923 -0.0196394 0.578872 -0.128028 -0.0291332
2 0.65828 -0.127261 0.0724272 0.668108 -0.127163 0.0898245
2 -0.243601 -0.126639 -0.433813 -0.246348 -0.126554 -0.445191
2 -0.242819 -0.126763 -0.41695 -0.243182 -0.126699 -0.426004
2 -0.0371619 -0.0963465 -0.00274145 -0.0144852 -0.0882161 0.0198269
2 0.0373899 -0.113959 -0.0745419 0.0557459 -0.122801 -0.106162
2 -0.400258 -0.139009 -0.91905 -0.420938 -0.138908 -0.905643
2 -0.438733 -0.13821 -0.696417 -0.451391 -0.138167 -0.703509
2 0.447619 -0.210198 -0.311741 0.432789 -0.209478 -0.308962
2 0.577214 -0.139297 -0.676917 0.59921 -0.139327 -0.661469
2 0.159518 -0.140301 -0.624807 0.148197 -0.140334 -0.610467
2 0.110162 -0.140388 -0.548932 0.115098 -0.140387 -0.557995
2 -0.200416 -0.0815903 0.121443 -0.198333 -0.0830421 0.112828
2 -0.565812 -0.209298 -0.335219 -0.568285 -0.209308 -0.331754
2 -0.134813 -0.127379 0.664938 -0.145763 -0.127387 0.675193
2 -0.234834 -0.128818 0.724538 -0.245787 -0.129233 0.723627
2 -0.22547 -0.128465 0.72482 -0.234834 -0.128818 0.724538
2 -0.276275 -0.0871455 0.28855 -0.267288 -0.0832452 0.275181
2 -0.4277 -0.129093 -0.233138 -0.43581 -0.129279 -0.223399
2 -0.455151 -0.204241 -0.401466 -0.443631 -0.203308 -0.391666
2 -0.464673 -0.138343 -0.771401 -0.464037 -0.138286 -0.753502
2 0.683754 -0.139666 -0.676326 0.686911 -0.139738 -0.692236
2 0.244412 -0.118099 0.414557 0.234271 -0.112648 0.398639
2 0.605571 -0.127778 -0.0044941 0.597605 -0.127855 -0.0128054
2 -0.415695 -0.128859 -0.245916 -0.407262 -0.128721 -0.253996
2 -0.0926354 -0.0942235 0.0204984 -0.120787 -0.0919544 0.0402794
2 0.371584 -0.139566 -0.738825 0.346422 -0.139649 -0.733168
2 0.508001 -0.139262 -0.723497 0.524165 -0.139263 -0.713084
2 0.448081 -0.139329 -0.750193 0.474871 -0.139286 -0.741215
2 -0.172373 -0.139929 -0.799785 -0.178148 -0.139893 -0.808629
2 -0.358102 -0.139179 -0.931402 -0.348358 -0.139214 -0.931906
2 0.00527496 -0.135074 -0.271027 0.0201079 -0.135817 -0.278062
2 0.395168 -0.207547 -0.301444 0.407917 -0.208205 -0.304004
2 -0.696314 -0.209659 -0.36436 -0.69556 -0.209586 -0.353262
2 -0.264707 -0.127116 -0.37623 -0.28123 -0.127271 -0.362433
2 0.538196 -0.12725 0.308933 0.512999 -0.127333 0.306868
2 0.672563 -0.127117 0.101392 0.676827 -0.127073 0.114245
2 0.491703 -0.12868 -0.0770748 0.476261 -0.128743 -0.0814392
2 0.20569 -0.0975522 0.354773 0.224985 -0.1077 0.384232
2 -0.299527 -0.139375 -0.920677 -0.318639 -0.139313 -0.927617
2 -0.284398 -0.139424 -0.912487 -0.264079 -0.139493 -0.900783
2 -0.269533 -0.167622 -0.218864 -0.259389 -0.16387 -0.208037
2 -0.303324 -0.180126 -0.255195 -0.288602 -0.174678 -0.239318
2 -0.46875 -0.205114 -0.412399 -0.455151 -0.204241 -0.401466
2 -0.328045 -0.127725 -0.32331 -0.306688 -0.127513 -0.341176
2 0.65518 -0.126928 0.259012 0.663646 -0.12691 0.250299
2 -0.376447 -0.127232 0.485471 -0.380549 -0.128385 0.498128
2 0.268967 -0.193753 -0.254193 0.261341 -0.191029 -0.248337
2 0.685561 -0.126972 0.150274 0.6876 -0.126942 0.164292
2 -0.392147 -0.13376 0.607251 -0.39388 -0.133611 0.597823
2 -0.586129 -0.209326 -0.31151 -0.593735 -0.20933 -0.30454
2 0.448081 -0.139329 -0.750193 0.433867 -0.139363 -0.752067
2 0.223945 -0.140071 -0.688988 0.209126 -0.140128 -0.67745
2 0.0687385 -0.140155 -0.449933 0.0641279 -0.140008 -0.434342
2 -0.458776 -0.138597 -0.842512 -0.461367 -0.138533 -0.825555
2 -0.664671 -0.209318 -0.291911 -0.645649 -0.209301 -0.283946
2 -0.365406 -0.194901 -0.320398 -0.354515 -0.193558 -0.310062
2 0.676827 -0.127073 0.114245 0.681602 -0.12702 0.131474
2 0.252082 -0.122467 0.438659 0.249516 -0.120832 0.422784
2 0.16319 -0.0768905 0.297565 0.156123 -0.0736524 0.288866
2 -0.319091 -0.111849 0.0658382 -0.345975 -0.117688 0.0601627
2 -0.319091 -0.111849 0.0658382 -0.304897 -0.107551 0.0698639
2 0.420942 -0.139403 -0.749775 0.402399 -0.139464 -0.745685
2 -0.16442 -0.127396 0.692651 -0.156412 -0.127393 0.685132
2 0.223945 -0.140071 -0.688988 0.233024 -0.140036 -0.696003
2 -0.227503 -0.13964 -0.86819 -0.231075 -0.139626 -0.871305
2 -0.172373 -0.139929 -0.799785 -0.165368 -0.139972 -0.789152
2 -0.100881 -0.140682 -0.610594 -0.0961441 -0.140766 -0.587776
2 -0.0825656 -0.141068 -0.471816 -0.0820042 -0.141081 -0.462224
2 0.541533 -0.21231 -0.317886 0.556229 -0.2124 -0.317576
2 0.20356 -0.16966 -0.204972 0.215749 -0.174333 -0.214005
2 -0.575255 -0.209316 -0.323243 -0.568285 -0.209308 -0.331754
2 -0.695992 -0.209757 -0.378131 -0.695377 -0.209801 -0.383853
2 -0.401633 -0.128631 -0.25932 -0.394298 -0.128518 -0.266152
2 -0.407262 -0.128721 -0.253996 -0.401633 -0.128631 -0.25932
2 0.6876 -0.126942 0.164292 0.689369 -0.126908 0.1831
2 -0.31898 -0.131997 0.70727 -0.333262 -0.132516 0.698219
2 0.253899 -0.123921 0.460737 0.255412 -0.125151 0.479735
2 -0.438733 -0.13821 -0.696417 -0.427087 -0.138237 -0.693836
2 -0.0855928 -0.140993 -0.517962 -0.0846274 -0.141019 -0.506249
2 -0.422696 -0.201643 -0.373948 -0.41481 -0.201005 -0.367241
2 -0.331724 -0.189089 -0.285644 -0.338203 -0.190389 -0.292632
2 0.593008 -0.127078 0.305901 0.612512 -0.12702 0.301947
2 0.564396 -0.128157 -0.0400925 0.578872 -0.128028 -0.0291332
2 -0.284287 -0.130688 0.717614 -0.275675 -0.130363 0.720252
2 0.395168 -0.207547 -0.301444 0.384159 -0.206978 -0.29923
2 -0.602676 -0.209348 -0.296752 -0.593735 -0.20933 -0.30454
2 0.0899769 -0.140344 -0.506215 0.0854288 -0.140317 -0.495043
2 -0.442464 -0.129443 -0.215001 -0.43581 -0.129279 -0.223399
2 0.256924 -0.128446 0.568183 0.255855 -0.128498 0.58617
2 0.254822 -0.128476 0.601277 0.253781 -0.128448 0.616381
2 -0.354472 -0.133234 0.67979 -0.371142 -0.133715 0.659167
2 -0.380549 -0.128385 0.498128 -0.382247 -0.128857 0.503728
2 -0.284287 -0.130688 0.717614 -0.290543 -0.130923 0.715623
2 0.279111 -0.19583 -0.260622 0.268967 -0.193753 -0.254193
2 -0.264079 -0.139493 -0.900783 -0.240364 -0.139589 -0.8794
2 -0.380243 -0.139094 -0.926792 -0.37131 -0.139131 -0.929817
2 0.556229 -0.2124 -0.317576 0.573806 -0.212377 -0.316483
2 -0.246068 -0.126868 -0.40353 -0.242819 -0.126763 -0.41695
2 -0.371142 -0.133715 0.659167 -0.378681 -0.133799 0.643067
2 0.252235 -0.128353 0.637147 0.251263 -0.128284 0.648994
2 0.153835 -0.150055 -0.166984 0.180805 -0.160456 -0.186863
2 0.573806 -0.212377 -0.316483 0.584218 -0.212323 -0.315603
2 -0.211728 -0.127849 0.727294 -0.22547 -0.128465 0.72482
2 0.265058 -0.117524 -0.0516412 0.283443 -0.119122 -0.056682
2 -0.0796806 -0.141077 -0.40998 -0.0806394 -0.141118 -0.433125
2 0.718122 -0.210059 -0.295595 0.690871 -0.210599 -0.300096
2 -0.406061 -0.200098 -0.35931 -0.39141 -0.198216 -0.345263
2 0.606177 -0.21205 -0.312865 0.631769 -0.211711 -0.309552
2 -0.256179 -0.129626 0.722664 -0.275675 -0.130363 0.720252
2 0.233483 -0.181121 -0.227143 0.224345 -0.17762 -0.220362
2 -0.206858 -0.139722 -0.850401 -0.213208 -0.139698 -0.855703
2 0.469417 -0.210902 -0.314244 0.492706 -0.211517 -0.316243
2 -0.688053 -0.21011 -0.420826 -0.68272 -0.210252 -0.436112
2 0.718122 -0.210059 -0.295595 0.738547 -0.209655 -0.292213
2 0.258381 -0.128105 0.535097 0.257684 -0.128304 0.552077
2 0.315219 -0.201871 -0.280018 0.306911 -0.200855 -0.276453
2 0.293605 -0.139823 -0.721188 0.346422 -0.139649 -0.733168
2 0.332194 -0.203497 -0.285965 0.315219 -0.201871 -0.280018
2 -0.654926 -0.210761 -0.485793 -0.645989 -0.210852 -0.495446
2 -0.385779 -0.128394 -0.273891 -0.394298 -0.128518 -0.266152
2 0.258282 -0.12755 0.735264 0.25477 -0.127669 0.719685
2 -0.221764 -0.0697367 0.203245 -0.217725 -0.0706416 0.192419
2 0.249569 -0.128076 0.680323 0.251826 -0.127808 0.704302
2 -0.0875961 -0.140943 -0.536238 -0.0855928 -0.140993 -0.517962
2 0.684488 -0.126987 0.143492 0.681602 -0.12702 0.131474
2 0.672563 -0.127117 0.101392 0.668108 -0.127163 0.0898245
2 0.622888 -0.12761 0.0160471 0.631917 -0.127522 0.0276438
2 0.68354 -0.126868 0.22956 0.686669 -0.126881 0.211094
2 -0.413768 -0.12686 0.00943171 -0.448397 -0.130358 -0.0246923
2 -0.139003 -0.140205 -0.731287 -0.135004 -0.140244 -0.721792
2 -0.636941 -0.209293 -0.28182 -0.627509 -0.209303 -0.284287
2 -0.27902 -0.171131 -0.229017 -0.288602 -0.174678 -0.239318
2 0.578281 -0.127122 0.308903 0.593008 -0.127078 0.305901
2 0.526072 -0.128464 -0.0629652 0.511278 -0.128572 -0.0702308
2 -0.379041 -0.128302 -0.279905 -0.372462 -0.128217 -0.285664
2 0.325558 -0.122581 -0.0682288 0.319118 -0.122073 -0.0664809
2 0.541533 -0.21231 -0.317886 0.533251 -0.212248 -0.317999
2 -0.151725 -0.140084 -0.76139 -0.146039 -0.140138 -0.747933
2 0.659595 -0.211222 -0.305283 0.670722 -0.210999 -0.303427
2 -0.124914 -0.140355 -0.693776 -0.120836 -0.14041 -0.679875
2 -0.560237 -0.208849 -0.479377 -0.555258 -0.208666 -0.475843
2 0.768265 -0.209063 -0.28733 0.738547 -0.209655 -0.292213
2 -0.470497 -0.131211 -0.0794285 -0.470105 -0.131011 -0.100306
2 0.631769 -0.211711 -0.309552 0.649236 -0.211411 -0.30691
2 -0.560237 -0.208849 -0.479377 -0.573987 -0.209348 -0.488884
2 0.651003 -0.127333 0.0600248 0.65828 -0.127261 0.0724272
2 0.355189 -0.124808 -0.0762117 0.409006 -0.128732 -0.0899691
2 0.156123 -0.0736524 0.288866 0.150078 -0.0709656 0.281195
2 0.65518 -0.126928 0.259012 0.646743 -0.126946 0.267664
2 -0.356584 -0.128034 -0.299229 -0.338399 -0.127837 -0.314569
2 -0.328045 -0.127725 -0.32331 -0.338399 -0.127837 -0.314569
2 -0.326289 -0.108635 0.373846 -0.322846 -0.107124 0.367634
2 -0.366356 -0.124421 0.457617 -0.364328 -0.123873 0.45178
2 0.177529 -0.140243 -0.645915 0.165896 -0.140281 -0.632539
2 0.369299 -0.206208 -0.296238 0.345412 -0.2046 -0.290088
2 0.369299 -0.206208 -0.296238 0.384159 -0.206978 -0.29923
2 0.0965926 -0.131172 -0.126907 0.123351 -0.139856 -0.148084
2 0.0687385 -0.140155 -0.449933 0.073898 -0.140215 -0.464476
2 -0.227503 -0.13964 -0.86819 -0.218551 -0.139676 -0.860375
2 -0.189665 -0.139823 -0.825883 -0.206858 -0.139722 -0.850401
2 0.432789 -0.209478 -0.308962 0.420153 -0.208827 -0.306421
2 -0.645989 -0.210852 -0.495446 -0.631832 -0.210909 -0.50633
2 -0.516585 -0.207227 -0.44796 -0.538996 -0.208063 -0.464107
2 0.526072 -0.128464 -0.0629652 0.55042 -0.128278 -0.0503345
2 0.0933266 -0.0507407 0.216531 0.122008 -0.0604763 0.248478
2 0.605571 -0.127778 -0.0044941 0.614158 -0.127695 0.00535794
2 -0.0714757 -0.139788 -0.32295 -0.0753972 -0.140593 -0.353124
2 0.457992 -0.127633 0.27483 0.465292 -0.12753 0.292381
2 0.420153 -0.208827 -0.306421 0.407917 -0.208205 -0.304004
2 -0.108351 -0.140577 -0.637436 -0.1151 -0.140487 -0.660311
2 0.165896 -0.140281 -0.632539 0.159518 -0.140301 -0.624807
2 0.319118 -0.122073 -0.0664809 0.311611 -0.121481 -0.0644439
2 0.252235 -0.128353 0.637147 0.253781 -0.128448 0.616381
2 0.491703 -0.12868 -0.0770748 0.511278 -0.128572 -0.0702308
2 0.670854 -0.126895 0.242808 0.68354 -0.126868 0.22956
2 0.141714 -0.0673078 0.270462 0.150078 -0.0709656 0.281195
2 -0.0789204 -0.141041 -0.393791 -0.0796806 -0.141077 -0.40998
2 0.651003 -0.127333 0.0600248 0.644935 -0.127393 0.0497013
2 0.223227 -0.111782 -0.0410306 0.241217 -0.114414 -0.0452006
2 -0.115475 -0.127383 0.649571 -0.123817 -0.12738 0.656127
2 -0.352679 -0.120135 0.424101 -0.33546 -0.112657 0.390494
2 0.345412 -0.2046 -0.290088 0.332194 -0.203497 -0.285965
2 0.292066 -0.198524 -0.268643 0.279111 -0.19583 -0.260622
2 -0.430356 -0.202254 -0.380437 -0.443631 -0.203308 -0.391666
2 0.123228 -0.140386 -0.572911 0.129752 -0.140377 -0.583558
2 -0.450489 -0.138712 -0.870375 -0.441613 -0.138772 -0.881201
2 -0.516585 -0.207227 -0.44796 -0.490057 -0.206244 -0.428823
2 -0.194258 -0.143555 -0.164704 -0.211657 -0.147764 -0.172205
2 0.252082 -0.122467 0.438659 0.252851 -0.12307 0.447577
2 -0.376447 -0.127232 0.485471 -0.369796 -0.125371 0.467201
2 -0.366356 -0.124421 0.457617 -0.369796 -0.125371 0.467201
2 0.145837 -0.10241 -0.0307165 0.211656 -0.11017 -0.0386907
2 -0.422696 -0.201643 -0.373948 -0.430356 -0.202254 -0.380437
2 -0.267288 -0.0832452 0.275181 -0.252564 -0.0771524 0.253594
2 -0.240364 -0.139589 -0.8794 -0.231075 -0.139626 -0.871305
2 -0.189665 -0.139823 -0.825883 -0.178148 -0.139893 -0.808629
2 -0.373753 -0.195965 -0.32838 -0.379833 -0.19674 -0.334194
2 -0.331724 -0.189089 -0.285644 -0.323079 -0.187495 -0.276681
2 -0.119457 -0.140429 -0.675145 -0.120836 -0.14041 -0.679875
2 -0.627509 -0.209303 -0.284287 -0.614043 -0.209317 -0.290685
2 -0.458446 -0.129982 -0.187891 -0.468275 -0.130375 -0.166043
2 -0.330516 -0.139274 -0.930443 -0.348358 -0.139214 -0.931906
2 0.209126 -0.140128 -0.67745 0.190109 -0.140197 -0.658599
2 0.0899769 -0.140344 -0.506215 0.097657 -0.140371 -0.5236
2 0.055581 -0.13974 -0.406044 0.0589806 -0.139847 -0.417302
2 0.249516 -0.120832 0.422784 0.244412 -0.118099 0.414557
2 0.458848 -0.12874 -0.0834493 0.438712 -0.128747 -0.0862433
2 -0.108351 -0.140577 -0.637436 -0.105413 -0.140617 -0.627334
2 0.141714 -0.0673078 0.270462 0.122008 -0.0604763 0.248478
2 -0.317775 -0.104898 0.358527 -0.311613 -0.102229 0.347207
2 0.676109 -0.210892 -0.302537 0.690871 -0.210599 -0.300096
2 0.311611 -0.121481 -0.0644439 0.299731 -0.120545 -0.0612202
2 -0.289125 -0.092545 0.306995 -0.302108 -0.0981258 0.329801
2 0.0323284 -0.138422 -0.327573 0.0400786 -0.139219 -0.354347
2 -0.373753 -0.195965 -0.32838 -0.365406 -0.194901 -0.320398
2 0.283443 -0.119122 -0.056682 0.299731 -0.120545 -0.0612202
2 -0.146039 -0.140138 -0.747933 -0.139003 -0.140205 -0.731287
2 0.0412161 -0.139261 -0.35803 0.0400786 -0.139219 -0.354347
2 -0.289125 -0.092545 0.306995 -0.276275 -0.0871455 0.28855
2 -0.259389 -0.16387 -0.208037 -0.245561 -0.158762 -0.193414
2 -0.129257 -0.140298 -0.708302 -0.124914 -0.140355 -0.693776
2 -0.304897 -0.107551 0.0698639 -0.268694 -0.0963912 0.0809624
2 0.224345 -0.17762 -0.220362 0.215749 -0.174333 -0.214005
2 0.0504 -0.139577 -0.388885 0.055581 -0.13974 -0.406044
2 -0.269533 -0.167622 -0.218864 -0.27902 -0.171131 -0.229017
2 -0.212734 -0.0749961 0.163055 -0.205564 -0.0788521 0.138138
2 -0.302108 -0.0981258 0.329801 -0.311613 -0.102229 0.347207
2 -0.242384 -0.0738823 0.238134 -0.252564 -0.0771524 0.253594
2 -0.23729 -0.0894149 0.0901026 -0.225485 -0.0886068 0.0909429
2 0.261341 -0.191029 -0.248337 0.25118 -0.187397 -0.240558
2 0.670722 -0.210999 -0.303427 0.676109 -0.210892 -0.302537
2 0.0276679 -0.0595381 0.118293 0.0517526 -0.0543642 0.157356
2 0.676477 -0.139785 -0.73621 0.676717 -0.139785 -0.735516
2 -0.22646 -0.15264 -0.181765 -0.211657 -0.147764 -0.172205
2 0.153835 -0.150055 -0.166984 0.123351 -0.139856 -0.148084
2 -0.194258 -0.143555 -0.164704 -0.176994 -0.139494 -0.156016
2 -0.168905 -0.137594 -0.151809 -0.176994 -0.139494 -0.156016
2 0.0175413 -0.0660826 0.0936282 0.0276679 -0.0595381 0.118293
2 -0.0714757 -0.139788 -0.32295 -0.0669952 -0.137493 -0.296195
2 -0.318639 -0.139313 -0.927617 -0.330516 -0.139274 -0.930443
2 -0.252994 -0.0921064 0.0874859 -0.268694 -0.0963912 0.0809624
2 -0.683434 -0.20938 -0.311587 -0.686317 -0.209412 -0.319035
2 -0.232764 -0.0706412 0.224132 -0.228159 -0.069004 0.218736
2 -0.0624233 -0.0961439 0.00341913 -0.0813667 -0.0950104 0.0139213
2 -0.163702 -0.0885625 0.0715997 -0.137407 -0.0906038 0.052313
2 -0.0462489 -0.131276 -0.22352 -0.0332999 -0.13335 -0.252665
2 -0.200416 -0.0815903 0.121443 -0.205564 -0.0788521 0.138138
2 -0.158941 -0.135848 -0.149418 -0.168905 -0.137594 -0.151809
2 0.00527496 -0.135074 -0.271027 -0.0332999 -0.13335 -0.252665
2 0.0965926 -0.131172 -0.126907 0.076355 -0.127309 -0.118629
2 0.076355 -0.127309 -0.118629 0.0661542 -0.125014 -0.112289
2 0.0773974 -0.104293 -0.0421873 0.0674159 -0.105873 -0.0477079
2 -0.125525 -0.131771 -0.147689 -0.1518 -0.134719 -0.148462
2 -0.18511 -0.0871415 0.0861934 -0.163702 -0.0885625 0.0715997
2 -0.0462489 -0.131276 -0.22352 -0.0517267 -0.129672 -0.201001
2 -0.00498369 -0.0821843 0.0402916 -0.00860313 -0.0841139 0.0338816
2 -0.058967 -0.126066 -0.161691 -0.0596591 -0.123992 -0.144779
2 0.0373899 -0.113959 -0.0745419 0.016749 -0.108309 -0.0536954
2 -0.0493812 -0.117461 -0.101936 -0.0538417 -0.118814 -0.109338
2 0.0020537 -0.105806 -0.0450554 -0.0116157 -0.110058 -0.065405
2 -0.00364236 -0.102601 -0.0314785 -0.0112182 -0.100429 -0.0221541
2 -0.0309851 -0.113838 -0.0839228 -0.0116157 -0.110058 -0.065405
2 -0.0538417 -0.118814 -0.109338 -0.0561862 -0.119906 -0.115823
2 -0.0493812 -0.117461 -0.101936 -0.0309851 -0.113838 -0.0839228
